 

 

 

 

 

551 MANETHONIS SEBENNYTAE
ΕΜΊῸῦΤΙΙΕΙΕβ. nnn. rotmanus. usmerno- mma.
1 ammaum 1. 1 Amandus-1 Amm. 301113. 1
2 2 2 2
3 3 3 3
4 4 4 4
5 5 5 5 .
e 0 Juxta Sesort. 1 5330110313. 1 Juxtnsoeort. 1 sesan-tofis. 1
7 7 2 2 2 2
3 ⁸ 3 3 3 3 .
unacum Unacum Auamma-asni.
Sesortosi. 1 6 5311οη031. 1 1
9 9 2 5 2 sAu.9=⁸⁸Amen.etsoe.L
10 ιο 3 3 3 e ἓ
22 22 15 13 15 13 ,
23 23 13 19 -Ι- ne 19 !
24 24 17 2ο solus 20 ²
25 25 13 21 21 l
23 -1- 23 «1- 19 22 22
27 senonum 1. 1 solut. 23 23
43 2ο 42 42
⁴7 21 3013133313.11.1 c. Am. ΙΙ. 43 Αωωειιεηιιιι 43
⁴⁸ 22 2 44 2 44311.44·9·3αω1.131·.
⁴⁹ ÷ 23 3 -Ι- 45 3 45 Αωωαιὼο 11. χ
50 sesortoeu 11. 1 4 senort„ 11 1 4533οή11.-1-40 Amenemhe 11 31 smil
5¹ 2 5 2 5 2 11113 memorantur.
52 a 3 3 3 3
53 4 7 4 7 4
68 19 22 -Ι- 19 , 22 19
39 20 23 23 2ο
70 21 24 soson-t 111. 1 24 ’21
71 22 25 2 25 22
34 35 -Ι- 33 15 -1- 33 35
85 33 13 -33
80 37 17 37
97 43 23 4- 43
Ama-es. 1
98 49 29
103 54 34 7
104 -Ι- 55 35 -1- 3
105 mm. 1 Amnemhe 111.·1 Lamum. 1
135 31 31 31
Amenemdv. 1 ι» 1101311310. lv. 1
133 32 2 32 2 32
143 39 -n- ,9 39 -1- 9 311
144 40 sebeknerru. 1 40 Skemiophris. 1 40
145 41 2 41 2 31
f 113 42 3 42 3 42
' 147 4- 43 -1- -1- 4 4-

⁶0——

 

 

 

